1753532865941 0.23264074325561523 0
1753532865964 0.009103536605834961 1
1753532865988 0.008783340454101562 2
1753532866012 0.009714126586914062 3
1753532866036 0.00922536849975586 4
1753532866059 0.00847768783569336 5
1753532866083 0.009434223175048828 6
1753532866107 0.009123563766479492 7
1753532866134 0.010810375213623047 8
1753532866160 0.010028839111328125 9
1753532866184 0.009263992309570312 10
1753532866208 0.00983119010925293 11
1753532866233 0.009519338607788086 12
1753532866257 0.009026765823364258 13
1753532866283 0.010330677032470703 14
1753532865941 0.23264074325561523 0
