1753532865933 0.1419714391231537 0
1753532865957 0.08578960411250591 1
1753532865980 0.07966735772788525 2
1753532866005 0.07296886574476957 3
1753532866029 0.05762680619955063 4
1753532866052 0.05192932765930891 5
1753532866076 0.05951056722551584 6
1753532866100 0.043577288277447224 7
1753532866127 0.037879783660173416 8
1753532866152 0.03476995835080743 9
1753532866176 0.03544012364000082 10
1753532866201 0.03787616826593876 11
1753532866225 0.05068054236471653 12
1753532866249 0.028340403456240892 13
1753532866275 0.03675124142318964 14
1753532865933 0.1419714391231537 0
