1753532871370 0.012634992599487305 0
1753532871394 0.009629011154174805 1
1753532871418 0.00890040397644043 2
1753532871442 0.00950002670288086 3
1753532871467 0.009404182434082031 4
1753532871492 0.00950765609741211 5
1753532871517 0.010605335235595703 6
1753532871541 0.008757591247558594 7
1753532871567 0.009872674942016602 8
1753532871591 0.009226322174072266 9
1753532871616 0.009165048599243164 10
1753532871642 0.01075601577758789 11
1753532871667 0.009075403213500977 12
1753532871697 0.013113975524902344 13
1753532871724 0.01108551025390625 14
1753532871370 0.012634992599487305 0
