1753532871362 0.15219983644783497 0
1753532871386 0.059367237612605095 1
1753532871411 0.04085785988718271 2
1753532871435 0.03407672327011824 3
1753532871459 0.019991998095065355 4
1753532871484 0.022494343342259526 5
1753532871510 0.011998735833913088 6
1753532871534 0.011268978007137775 7
1753532871559 0.01746330363675952 8
1753532871584 0.008471965207718313 9
1753532871608 0.006213091430254281 10
1753532871634 0.011827889713458717 11
1753532871659 0.010897007770836353 12
1753532871689 0.010621887748129666 13
1753532871717 0.007148836739361286 14
1753532871362 0.15219983644783497 0
