1753532876413 0.014015674591064453 0
1753532876444 0.014962434768676758 1
1753532876478 0.01907515525817871 2
1753532876509 0.015001535415649414 3
1753532876539 0.012711524963378906 4
1753532876570 0.012961626052856445 5
1753532876600 0.012800455093383789 6
1753532876629 0.013152360916137695 7
1753532876657 0.012151002883911133 8
1753532876686 0.012938261032104492 9
1753532876716 0.013063907623291016 10
1753532876745 0.013049602508544922 11
1753532876774 0.01302957534790039 12
1753532876803 0.012782573699951172 13
1753532876830 0.0111236572265625 14
1753532876413 0.014015674591064453 0
