1753532876406 0.20653550885617733 0
1753532876435 0.14071465283632278 1
1753532876470 0.10242345184087753 2
1753532876501 0.06902881897985935 3
1753532876530 0.09740095026791096 4
1753532876561 0.08265386521816254 5
1753532876591 0.05907955300062895 6
1753532876621 0.06382285943254828 7
1753532876649 0.08477019611746073 8
1753532876678 0.07266276981681585 9
1753532876708 0.058992618694901466 10
1753532876737 0.05175731796771288 11
1753532876766 0.058871823363006115 12
1753532876795 0.044533989392220974 13
1753532876822 0.05845008045434952 14
1753532876406 0.20653550885617733 0
